100
51312157 71289929
90628751 81085190
81316278 86679698
95560637 144475
51115869 30947756
77681788 46009112
54197020 48058347
94421747 92000549
60242827 91569408
21209348 37048332
49798139 49333953
87129184 7291139
5086760 16539758
28946950 25018533
57035074 85292706
43914692 17501378
28779855 64617731
8148193 3828328
8573637 95017646
2667293 92922030
89158707 50680020
3235815 61235394
56081235 78435049
92482291 49558811
73522954 92476475
12027544 30402786
75594014 62725249
43480792 63481466
15547909 15066729
16882827 87145758
21669296 29011606
89495826 36986358
60678618 9178273
17788631 87830058
66182428 28639028
87966267 58048969
84766540 61010420
50447512 16305240
86546761 91801828
4487654 71962532
60789097 43411199
67828964 81844584
67687062 9097341
35190057 64403376
50566348 46433439
14420758 87381299
84902274 38520351
3717065 49343848
30753109 31734611
66471317 42651228
26937030 70745039
44459088 42771183
22875062 59454607
45534129 20335605
76782290 15146029
53651259 16638809
36149675 73511644
40282379 62537266
80883963 47132672
12653422 119935
74177281 93179499
40986676 66143227
31142152 1743978
76232029 44690626
70207428 9790841
52396165 39899497
85850862 60293919
25226002 98685605
30009757 63816694
40237589 83139319
27434866 91381116
9439343 45423869
66461854 97337819
73526166 32291539
38249508 61459273
1517831 44639512
81364128 39805576
27982323 37305786
39913043 12270663
93773386 26438028
21837958 39435767
62997942 4874728
9427422 13473214
17494942 14826687
79414002 55934255
11450136 86503528
20092414 19991332
25848416 94347234
28118885 15598982
74854978 10223236
86954464 17388681
76833405 11939636
47386132 85073159
50725889 77374678
15036123 39019810
37323482 83314637
10733277 54422906
11609083 42831029
67627416 38340893
1635626 72273115
