5954323
53480239
8706673
12424
12768293
33790499
23501714
36726408
51141461
24632027
41682779
190264
7560855
13944293
2462687
6196941
21308445
1043505
22887773
27581849
14212529
43863467
73784941
19712210
58173699
7206311
26859779
49358249
1423007
2647457
15710135
19061291
457196
27648425
4127947
19079994
57585859
2180579
78454421
65831503
29195763
3174299
5055764
18938969
36526814
773956
8588042
46113537
4078511
14801657
19990404
8646884
44530616
1024289
7857355
15899608
65064301
28005185
14385525
104039
36277166
65619011
460871
30462059
4194504
18621217
39726992
54186699
38248499
24765195
11164847
27494036
56071274
14852334
22413446
19937725
7257683
16446887
2408588
13347455
19417178
961111
7468337
11735342
9617984
79285195
18622475
38027879
9627637
3998815
3253877
2939553
22618676
60693925
22211839
5084869
16527225
22134176
35243065
36556934
