33452
33444
33436
33428
33420
33412
33404
33396
33388
33380
33372
33364
33356
33348
33340
33332
33324
33316
33308
33300
33292
33284
33276
33268
33260
33252
33244
33236
33228
33220
33212
33204
33196
33188
33180
33172
33164
33156
33148
33140
33132
33124
33116
33108
33100
33092
33084
33076
33068
33060
33052
33044
33036
33028
33020
33012
33004
32996
32988
32980
32972
32964
32956
32948
32940
32932
32924
32916
32908
32900
32892
32884
32876
32868
32860
32852
32844
32836
32828
32820
32812
32804
32796
32788
32780
32772
32764
32756
32748
32740
32732
32724
32716
32708
32700
32692
32684
32676
32668
32660
32652
32644
32636
32628
32620
32612
32604
32596
32588
32580
32572
32564
32556
32548
32540
32532
32524
32516
32508
32500
32492
32484
32476
32468
32460
32452
32444
32436
32428
32420
32412
32404
32396
32388
32380
32372
32364
32356
32348
32340
32332
32324
32316
32308
32300
32292
32284
32276
32268
32260
32252
32244
32236
32228
32220
32212
32204
32196
32188
32180
32172
32164
32156
32148
32140
32132
32124
32116
32108
32100
32092
32084
32076
32068
32060
32052
32044
32036
32028
32020
32012
32004
31996
31988
31980
31972
31964
31956
31948
31940
31932
31924
31916
31908
31900
31892
31884
31876
31868
31860
31852
31844
31836
31828
31820
31812
31804
31796
31788
31780
31772
31764
31756
31748
31740
31732
31724
31716
31708
31700
31692
31684
31676
31668
31660
31652
31644
31636
31628
31620
31612
31604
31596
31588
31580
31572
31564
31556
31548
31540
31532
31524
31516
31508
31500
31492
31484
31476
31468
31460
31452
31444
31436
31428
31420
31412
31404
31396
31388
31380
31372
31364
31356
31348
31340
31332
31324
34588
34580
34572
34564
34556
34548
34540
34532
34524
34516
34508
34500
34492
34484
34476
34468
34460
34452
34444
34436
34428
34420
34412
34404
34396
34388
34380
34372
34364
34356
34348
34340
34332
34324
34316
34308
34300
34292
34284
34276
34268
34260
34252
34244
34236
34228
34220
34212
34204
34196
34188
34180
34172
34164
34156
34148
34140
34132
34124
34116
34108
34100
34092
34084
34076
34068
34060
34052
34044
34036
34028
34020
34012
34004
33996
33988
33980
33972
33964
33956
33948
33940
33932
33924
33916
33908
33900
33892
33884
33876
33868
33860
33852
33844
33836
33828
33820
33812
33804
33796
33788
33780
33772
33764
33756
33748
33740
33732
33724
33716
33708
33700
33692
33684
33676
33668
33660
33652
33644
33636
33628
33620
33612
33604
33596
33588
33580
33572
33564
33556
33548
33540
33532
33524
33516
33508
33500
33492
33484
33476
33468
33460
33452
33444
33436
33428
33420
33412
33404
33396
33388
33380
33372
33364
33356
33348
33340
33332
33324
33316
33308
33300
33292
33284
33276
33268
33260
33252
33244
33236
33228
33220
33212
33204
33196
33188
33180
33172
33164
33156
33148
33140
33132
33124
33116
33108
33100
33092
33084
33076
33068
33060
33052
33044
33036
33028
33020
33012
33004
32996
32988
32980
32972
32964
32956
32948
32940
32932
32924
32916
32908
32900
32892
32884
32876
32868
32860
32852
32844
32836
32828
32820
32812
32804
32796
32788
32780
32772
32764
32756
32748
32740
32732
32724
32716
32708
32700
32692
32684
32676
32668
32660
32652
32644
32636
32628
32620
32612
32604
32596
32588
32580
32572
32564
32556
32548
32540
32532
32524
32516
32508
32500
32492
32484
32476
32468
32460
32452
32444
32436
32428
32420
32412
32404
32396
32388
32380
32372
32364
32356
32348
32340
32332
32324
32316
32308
32300
32292
32284
32276
32268
32260
32252
32244
32236
32228
32220
32212
32204
32196
32188
32180
32172
32164
32156
32148
32140
32132
32124
32116
32108
32100
32092
32084
32076
32068
32060
32052
32044
32036
32028
32020
32012
32004
31996
31988
31980
31972
31964
31956
31948
31940
31932
31924
31916
31908
31900
31892
31884
31876
31868
31860
31852
31844
31836
31828
31820
31812
31804
31796
31788
31780
31772
31764
31756
31748
31740
31732
31724
31716
31708
31700
31692
31684
31676
31668
31660
31652
31644
31636
31628
31620
31612
31604
31596
31588
31580
31572
31564
31556
31548
31540
31532
31524
31516
31508
31500
31492
31484
31476
31468
31460
31452
31444
31436
31428
31420
31412
31404
31396
31388
31380
31372
31364
31356
31348
31340
31332
31324
31316
31308
31300
31292
31284
31276
31268
31260
31252
31244
31236
31228
31220
31212
31204
31196
31188
31180
31172
31164
31156
31148
31140
31132
31124
31116
31108
31100
31092
31084
31076
31068
31060
31052
31044
31036
31028
31020
31012
31004
30996
30988
30980
30972
30964
30956
30948
30940
30932
30924
30916
30908
30900
30892
30884
30876
30868
30860
30852
30844
30836
30828
30820
30812
30804
30796
30788
30780
30772
30764
30756
30748
30740
30732
30724
30716
30708
30700
30692
30684
30676
30668
30660
30652
30644
30636
30628
30620
30612
30604
30596
30588
30580
30572
30564
30556
30548
30540
30532
30524
30516
30508
30500
30492
30484
30476
30468
30460
30452
30444
30436
30428
30420
30412
30404
30396
30388
30380
30372
30364
30356
30348
30340
30332
30324
30316
30308
30300
30292
30284
30276
30268
30260
30252
30244
30236
30228
30220
30212
30204
30196
30188
30180
30172
30164
30156
30148
30140
30132
30124
30116
30108
30100
30092
30084
30076
30068
30060
30052
30044
30036
30028
30020
30012
30004
29996
29988
29980
29972
29964
29956
29948
29940
29932
29924
29916
29908
29900
29892
29884
29876
29868
29860
29852
29844
29836
29828
29820
29812
29804
29796
29788
29780
29772
29764
29756
29748
29740
29732
29724
29716
29708
29700
29692
29684
29676
29668
29660
29652
29644
29636
29628
29620
29612
29604
29596
29588
29580
29572
29564
29556
29548
29540
29532
29524
29516
29508
29500
29492
29484
29476
29468
29460
29452
29444
29436
29428
29420
29412
29404
29396
29388
29380
29372
29364
29356
29348
29340
29332
29324
29316
29308
29300
29292
29284
29276
29268
29260
29252
29244
29236
29228
29220
29212
29204
29196
29188
29180
29172
29164
29156
29148
29140
29132
29124
29116
29108
29100
29092
29084
29076
29068
29060
29052
29044
29036
29028
29020
29012
29004
28996
28988
28980
28972
28964
28956
28948
28940
28932
28924
28916
28908
28900
28892
28884
28876
28868
28860
28852
28844
28836
28828
28820
28812
28804
28796
28788
28780
28772
28764
28756
28748
28740
28732
28724
28716
28708
28700
28692
28684
28676
28668
28660
28652
28644
28636
28628
28620
28612
28604
28596
28588
28580
28572
28564
28556
28548
28540
28532
28524
28516
28508
28500
28492
28484
28476
28468
28460
28452
28444
28436
28428
28420
28412
28404
28396
28388
28380
28372
28364
28356
28348
28340
28332
28324
28316
28308
28300
28292
28284
28276
28268
28260
28252
28244
28236
28228
28220
28212
28204
28196
28188
28180
28172
28164
28156
28148
28140
28132
28124
28116
28108
28100
28092
28084
28076
28068
28060
28052
28044
28036
28028
28020
28012
28004
27996
27988
27980
27972
27964
27956
27948
27940
27932
27924
27916
27908
27900
27892
27884
27876
27868
27860
27852
27844
27836
27828
27820
27812
27804
27796
27788
27780
27772
27764
27756
27748
27740
27732
27724
27716
27708
27700
27692
27684
27676
27668
27660
27652
27644
27636
27628
27620
27612
27604
27596
27588
27580
27572
27564
27556
27548
27540
27532
27524
27516
27508
27500
27492
27484
27476
27468
27460
27452
27444
27436
27428
27420
27412
27404
27396
27388
27380
27372
27364
27356
27348
27340
27332
27324
27316
27308
27300
27292
27284
27276
27268
27260
27252
27244
27236
27228
27220
27212
27204
27196
27188
27180
27172
27164
27156
27148
27140
27132
27124
27116
27108
27100
27092
27084
27076
27068
27060
27052
27044
27036
27028
27020
27012
27004
26996
26988
26980
26972
26964
26956
26948
26940
26932
26924
26916
26908
26900
26892
26884
26876
26868
26860
26852
26844
26836
26828
26820
26812
26804
26796
26788
26780
26772
26764
26756
26748
26740
26732
26724
26716
26708
26700
26692
26684
26676
26668
26660
26652
26644
26636
26628
26620
26612
26604
26596
26588
26580
26572
26564
26556
26548
26540
26532
26524
26516
26508
26500
26492
26484
26476
26468
26460
26452
26444
26436
26428
26420
26412
26404
26396
26388
26380
26372
26364
26356
26348
26340
26332
26324
26316
26308
26300
26292
26284
26276
26268
26260
26252
26244
26236
26228
26220
26212
26204
26196
26188
26180
26172
26164
26156
26148
26140
26132
26124
26116
26108
26100
26092
26084
26076
26068
26060
26052
26044
26036
26028
26020
26012
26004
25996
25988
25980
25972
25964
25956
25948
25940
25932
25924
25916
25908
25900
25892
25884
25876
25868
25860
25852
25844
25836
25828
25820
25812
25804
25796
25788
25780
25772
25764
25756
25748
25740
25732
25724
25716
25708
25700
25692
25684
25676
25668
25660
25652
25644
25636
25628
25620
25612
25604
25596
25588
25580
25572
25564
25556
25548
25540
25532
25524
25516
25508
25500
25492
25484
25476
25468
25460
25452
25444
25436
25428
25420
25412
25404
25396
25388
25380
25372
25364
25356
25348
25340
25332
25324
25316
25308
25300
25292
25284
25276
25268
25260
25252
25244
25236
25228
25220
25212
25204
25196
25188
25180
25172
25164
25156
25148
25140
25132
25124
25116
25108
25100
25092
25084
25076
25068
25060
25052
25044
25036
25028
25020
25012
25004
24996
24988
24980
24972
24964
24956
24948
24940
24932
24924
24916
24908
24900
24892
24884
24876
24868
24860
24852
24844
24836
24828
24820
24812
24804
24796
24788
24780
24772
24764
24756
24748
24740
24732
24724
24716
24708
24700
24692
24684
24676
24668
24660
24652
24644
24636
24628
24620
24612
24604
24596
24588
24580
24572
24564
24556
24548
24540
24532
24524
24516
24508
24500
24492
24484
24476
24468
24460
24452
24444
24436
24428
24420
24412
24404
24396
24388
24380
24372
24364
24356
24348
24340
24332
24324
24316
24308
24300
24292
24284
24276
24268
24260
24252
24244
24236
24228
24220
24212
24204
24196
24188
24180
24172
24164
24156
24148
24140
24132
24124
24116
24108
24100
24092
24084
24076
24068
24060
24052
24044
24036
24028
24020
24012
24004
23996
23988
23980
23972
23964
23956
23948
23940
23932
23924
23916
23908
23900
23892
23884
23876
23868
23860
23852
23844
23836
23828
23820
23812
23804
23796
23788
23780
23772
23764
23756
23748
23740
23732
23724
23716
23708
23700
23692
23684
23676
23668
23660
23652
23644
23636
23628
23620
23612
23604
23596
23588
23580
23572
23564
23556
23548
23540
23532
23524
23516
23508
23500
23492
23484
23476
23468
23460
23452
23444
23436
23428
23420
23412
23404
23396
23388
23380
23372
23364
23356
23348
23340
23332
23324
23316
23308
23300
23292
23284
23276
23268
23260
23252
23244
23236
23228
23220
23212
23204
23196
23188
23180
23172
23164
23156
23148
23140
23132
23124
23116
23108
23100
23092
23084
23076
23068
23060
23052
23044
19764
22648
22644
22640
22636
22632
22628
22624
22620
22616
22612
22608
22604
22600
22596
22592
22588
22584
22580
22576
22572
22568
22564
22560
22556
22552
22548
22544
22540
22536
22532
22528
22524
22520
22516
22512
22508
22504
22500
22496
22492
22488
22484
22480
22476
22472
22468
22464
22460
22456
22452
22448
22444
22440
22436
22432
22428
22424
22420
22416
22412
22408
22404
22400
22396
22392
22388
22384
22380
22376
22372
22368
22364
22360
22356
22352
22348
22344
22340
22336
22332
22328
22324
22320
22316
22312
22308
22304
22300
22296
22292
22288
22284
22280
22276
22272
22268
22264
22260
22256
22252
22248
22244
22240
22236
22232
22228
22224
22220
22216
22212
22208
22204
22200
22196
22192
22188
25222
22330
22326
22322
22318
22314
22310
22306
22302
22298
22294
22290
22286
22282
22278
22274
22270
22266
22262
22258
22254
22250
22246
22242
22238
22234
22230
22226
22222
22218
22214
22210
22206
22202
22198
22194
22190
22186
22182
22178
22174
22170
22166
22162
22158
22154
22150
22146
22142
22138
22134
22130
22126
22122
22118
22114
22110
22106
22102
22098
22094
22090
22086
22082
22078
22074
22070
22066
22062
22058
22054
22050
22046
22042
22038
22034
22030
22026
22022
22018
22014
22010
22006
22002
21998
21994
21990
21986
21982
21978
21974
21970
21966
21962
21958
21954
21950
21946
21942
21938
21934
21930
21926
21922
21918
21914
21910
21906
21902
21898
21894
21890
21886
21882
21878
21874
21870
21866
21862
21858
21854
21850
21846
21842
21838
21834
21830
21826
21822
21818
21814
21810
21806
21802
21798
21794
21790
21786
21782
21778
21774
21770
21766
21762
21758
18716
21894
21894
21894
21894
21894
21894
21894
21894
21894
21894
21894
21894
21894
21894
21894
21894
21894
21894
21894
21894
21894
21894
21894
21894
21894
21894
21894
21894
21894
21894
21894
21894
21894
21894
21894
21894
21894
21894
21894
21894
21894
21894
21894
21894
21894
21894
21894
21894
21894
21894
21894
21894
21894
21894
21894
21894
21894
21894
21894
21894
21894
21894
21894
21894
21894
21894
21894
21894
21894
21894
21894
21894
21894
21894
21894
21894
21894
21894
21894
21894
21894
21894
21894
21894
21894
21894
21894
21894
21894
21894
21894
21894
21894
21894
21894
21894
21894
21894
21894
21894
21894
21894
21894
21894
21894
21894
21894
21894
21894
21894
21894
21894
21894
21894
21894
21894
21894
21894
21894
21894
21894
21894
21894
21894
21894
21894
21894
21894
21894
21894
21894
21894
21894
21894
21894
21894
21894
21894
21894
21894
21894
21894
21894
21894
21894
21894
21894
21894
21894
21894
21894
21894
21894
21894
21894
21894
21894
21894
21894
21894
21894
21894
21894
21894
21894
21894
21894
21894
21894
21894
21894
21894
21894
21894
21894
21894
21894
21894
21894
21894
21894
21894
21894
21894
21894
21894
21894
21894
21894
21894
21894
21894
21894
21894
21894
21894
21894
21894
21894
21894
21894
21894
21894
21894
21894
21894
21894
21894
21894
21894
21894
21894
21894
21894
21894
21894
21894
21894
21894
21894
21894
21894
21894
21894
21894
21894
21894
21894
21894
21894
21894
21894
21894
21894
21894
21894
21894
21894
21894
21894
21894
21894
21894
21894
21894
21894
21894
21894
21894
21894
21894
21894
21894
21894
21894
21894
21894
21894
21894
21894
21894
21894
21894
21894
21894
21894
21894
21894
21894
21894
21894
21894
21894
21894
21894
21894
21894
21894
21894
21894
21894
21894
21894
21894
21894
21894
21894
21894
21894
21894
21894
21894
21894
24344
21166
21166
21166
21166
21166
21166
21166
21166
21166
21166
21166
21166
21166
21166
21166
21166
21166
21166
21166
21166
21166
21166
21166
21166
21166
21166
21166
21166
21166
21166
21166
21166
21166
21166
21166
21166
21166
21166
21166
21166
21166
21166
21166
21166
21166
21166
21166
21166
21166
21166
21166
21166
21166
21166
21166
21166
21166
21166
21166
21166
21166
21166
21166
21166
21166
21166
21166
21166
21166
21166
21166
21166
21166
21166
21166
21166
21166
21166
21166
21166
21166
21166
21166
21166
21166
21166
21166
21166
21166
21166
21166
21166
21166
21166
21166
21166
21166
21166
21166
21166
21166
21166
21166
21166
21166
21166
21166
21166
21166
21166
21166
21166
21166
21166
21166
21166
21166
21166
21166
21166
21166
21166
21166
21166
21166
21166
21166
21166
21166
21166
21166
21166
21166
21166
21166
21166
21166
21166
21166
21166
21166
21166
21166
21166
21166
21166
21166
21166
21166
21166
21166
21166
21166
21166
21166
21166
21166
21166
21166
21166
21166
21166
21166
21166
21166
21166
21166
21166
21166
21166
21166
21166
21166
21166
21166
21166
21166
21166
21166
21166
21166
21166
21166
21166
21166
21166
21166
21166
21166
21166
21166
21166
21166
21166
21166
21166
21166
21166
21166
21166
21166
21166
21166
21166
21166
21166
21166
21166
21166
21166
21166
21166
21166
21166
21166
21166
21166
21166
21166
21166
21166
21166
21166
21166
21166
21166
21166
21166
21166
21166
21166
21166
21166
21166
21166
21166
21166
21166
21166
21166
21166
21166
21166
21166
21166
21166
21166
21166
21166
21166
21166
21166
21166
21166
21166
21166
21166
21166
21166
21166
21166
21166
21166
21166
21166
21166
21166
21166
21166
21166
21166
21166
21166
21166
21166
21166
21166
21166
21166
21166
21166
21166
21166
21166
21166
21166
21166
21166
21166
21166
21166
21166
21166
21166
21166
21166
21166
21166
21166
21166
21166
21166
21166
21166
21166
21166
21166
21166
21166
21166
21166
21166
21166
21166
21166
21166
21166
21166
21166
21166
21166
21166
21166
21166
21166
21166
21166
21166
21166
21166
21166
21166
21166
21166
21166
21166
21166
21166
21166
21166
21166
21166
21166
21166
21166
21166
21166
21166
21166
21166
21166
21166
21166
21166
21166
21166
21166
21166
21166
21166
21166
21166
21166
21166
21166
21166
21166
21166
21166
21166
21166
21166
21166
21166
21166
21166
21166
21166
21166
21166
21166
21166
21166
21166
21166
21166
21166
21166
21166
21166
21166
21166
21166
21166
21166
21166
21166
21166
21166
21166
21166
21166
21166
21166
21166
21166
21166
21166
21166
21166
21166
21166
21166
21166
21166
21166
21166
21166
21166
21166
21166
21166
21166
21166
21166
21166
21166
21166
21166
21166
21166
21166
21166
21166
21166
21166
21166
21166
21166
21166
21166
21166
21166
21166
21166
21166
21166
21166
21166
21166
21166
21166
21166
21166
21166
21166
21166
21166
21166
21166
21166
21166
21166
21166
21166
21166
21166
21166
21166
21166
21166
21166
21166
21166
21166
21166
21166
21166
21166
21166
21166
21166
21166
21166
21166
21166
21166
21166
21166
21166
21166
21166
21166
21166
21166
21166
21166
21166
21166
21166
21166
21166
21166
21166
21166
21166
21166
21166
21166
21166
21166
21166
21166
21166
21166
21166
21166
21166
21166
21166
21166
21166
21166
21166
21166
21166
21166
21166
21166
21166
21166
21166
21166
21166
21166
21166
21166
21166
21166
21166
21166
21166
21166
21166
21166
21166
21166
21166
21166
21166
21166
21166
21166
21166
21166
21166
21166
21166
21166
21166
21166
21166
21166
21166
21166
21166
21166
21166
21166
21166
21166
21166
21166
21166
21166
21166
21166
21166
21166
21166
21166
21166
21166
21166
21166
21166
21166
21166
21166
21166
21166
21166
21166
21166
21166
21166
21166
21166
21166
21166
21166
21166
21166
21166
21166
21166
21166
21166
21166
21166
21166
21166
21166
21166
21166
21166
21166
21166
21166
21166
21166
21166
21166
21166
21166
21166
21166
21166
21166
21166
21166
21166
21166
21166
21166
21166
21166
21166
21166
21166
21166
21166
21166
21166
21166
21166
21166
21166
21166
21166
21166
21166
21166
21166
21166
21166
21166
21166
21166
21166
21166
21166
21166
21166
21166
21166
21166
21166
21166
21166
21166
21166
21166
21166
21166
21166
21166
21166
21166
21166
21166
21166
21166
21166
21166
21166
21166
21166
21166
21166
21166
21166
21166
21166
21166
21166
21166
21166
21166
21166
21166
21166
21166
21166
21166
21166
21166
21166
21166
21166
21166
21166
21166
21166
21166
21166
21166
21166
21166
21166
21166
21166
21166
21166
21166
21166
21166
21166
21166
21166
21166
21166
21166
21166
21166
21166
21166
21166
21166
21166
21166
21166
21166
21166
21166
21166
21166
21166
21166
21166
21166
21166
21166
21166
21166
21166
21166
21166
21166
21166
21166
21166
21166
21166
21166
21166
21166
21166
21166
21166
21166
21166
21166
21166
21166
21166
21166
21166
21166
21166
21166
21166
21166
21166
21166
21166
21166
21166
21166
21166
21166
21166
21166
21166
21166
21166
21166
21166
21166
21166
21166
21166
21166
21166
21166
21166
21166
21166
21166
21166
21166
21166
21166
21166
21166
21166
21166
21166
21166
21166
21166
21166
21166
21166
21166
21166
21166
21166
21166
21166
21166
21166
21166
21166
21166
21166
21166
21166
21166
21166
21166
21166
21166
21166
21166
21166
21166
21166
21166
21166
21166
21166
21166
21166
21166
21166
21166
21166
21166
21166
21166
21166
21166
21166
21166
21166
21166
21166
21166
21166
21166
21166
21166
21166
21166
21166
21166
21166
21166
21166
21166
21166
21166
21166
21166
21166
21166
21166
21166
21166
21166
21166
21166
21166
21166
21166
21166
21166
21166
21166
21166
21166
21166
21166
21166
21166
21166
21166
21166
21166
21166
18716
23722
23726
23730
23734
23738
23742
23746
23750
23754
23758
23762
23766
23770
23774
23778
23782
23786
23790
23794
23798
23802
23806
23810
23814
23818
23822
23826
23830
23834
23838
23842
23846
23850
23854
23858
23862
23866
23870
23874
23878
23882
23886
23890
23894
23898
23902
23906
23910
23914
23918
23922
23926
23930
23934
23938
23942
23946
23950
23954
23958
23962
23966
23970
23974
23978
23982
23986
23990
23994
23998
24002
24006
24010
24014
24018
24022
24026
24030
24034
24038
24042
24046
24050
24054
24058
24062
24066
24070
24074
24078
24082
24086
24090
24094
24098
24102
24106
24110
24114
24118
24122
24126
24130
24134
24138
24142
24146
24150
24154
24158
24162
24166
24170
24174
24178
24182
24186
24190
24194
24198
24202
24206
24210
24214
24218
24222
24226
24230
24234
24238
24242
24246
24250
24254
24258
24262
24266
24270
24274
24278
24282
24286
24290
24294
24298
24302
24306
24310
24314
24318
24322
24326
24330
24334
24338
24342
24346
24350
24354
24358
24362
24366
24370
24374
24378
24382
24386
24390
24394
24398
24402
24406
24410
24414
24418
24422
24426
24430
24434
24438
24442
24446
24450
24454
24458
24462
24466
24470
24474
24478
24482
24486
24490
24494
24498
24502
24506
24510
24514
24518
24522
24526
24530
24534
24538
24542
24546
24550
24554
24558
24562
24566
24570
24574
24578
24582
24586
24590
24594
24598
24602
24606
24610
24614
24618
24622
24626
24630
24634
24638
24642
24646
24650
24654
24658
24662
24666
24670
24674
24678
24682
24686
24690
24694
24698
24702
24706
24710
24714
24718
24722
24726
24730
24734
24738
24742
24746
24750
24754
24758
24762
24766
24770
24774
24778
24782
24786
24790
24794
24798
24802
24806
24810
24814
24818
24822
24826
24830
24834
24838
24842
24846
24850
24854
24858
24862
24866
24870
24874
24878
24882
24886
24890
24894
24898
24902
24906
24910
24914
24918
24922
24926
24930
24934
24938
24942
24946
24950
24954
24958
24962
24966
24970
24974
24978
24982
24986
24990
24994
24998
25002
25006
25010
25014
25018
25022
25026
25030
25034
25038
25042
25046
25050
25054
25058
25062
25066
25070
25074
25078
25082
25086
25090
25094
25098
25102
25106
25110
25114
25118
25122
25126
25130
25134
25138
25142
25146
25150
25154
25158
25162
25166
25170
25174
25178
25182
25186
25190
25194
25198
25202
25206
25210
25214
25218
25222
25226
25230
25234
25238
25242
25246
25250
25254
25258
25262
25266
25270
25274
25278
25282
25286
25290
25294
25298
25302
25306
25310
25314
25318
25322
25326
25330
25334
25338
25342
25346
25350
25354
25358
25362
25366
25370
25374
25378
25382
25386
25390
25394
25398
25402
25406
25410
25414
25418
25422
25426
25430
25434
25438
25442
25446
25450
25454
25458
25462
25466
25470
25474
25478
25482
25486
25490
25494
25498
25502
25506
25510
25514
25518
25522
25526
25530
25534
25538
25542
25546
25550
25554
25558
25562
25566
25570
25574
25578
25582
25586
25590
25594
25598
25602
25606
25610
25614
25618
25622
25626
25630
25634
25638
25642
25646
25650
25654
25658
25662
25666
25670
25674
25678
25682
25686
25690
25694
25698
25702
25706
25710
25714
25718
25722
25726
25730
25734
25738
25742
25746
25750
25754
25758
25762
25766
25770
25774
25778
25782
25786
25790
25794
25798
25802
25806
25810
25814
25818
25822
25826
25830
25834
25838
25842
25846
25850
25854
25858
25862
25866
25870
25874
25878
25882
25886
25890
25894
25898
25902
25906
25910
25914
25918
25922
25926
25930
25934
25938
25942
25946
25950
25954
25958
25962
25966
25970
25974
25978
25982
25986
25990
25994
25998
26002
26006
26010
26014
26018
26022
26026
26030
26034
26038
26042
26046
26050
26054
26058
26062
26066
26070
26074
26078
26082
26086
26090
26094
26098
26102
26106
26110
26114
26118
26122
26126
26130
26134
26138
26142
26146
26150
26154
26158
26162
26166
26170
26174
26178
26182
26186
26190
26194
26198
26202
26206
26210
26214
26218
26222
26226
26230
26234
26238
26242
26246
26250
26254
26258
26262
26266
26270
26274
26278
26282
26286
26290
26294
26298
26302
26306
26310
26314
26318
26322
26326
26330
26334
26338
26342
26346
26350
26354
26358
26362
26366
26370
26374
26378
26382
26386
26390
26394
26398
26402
26406
26410
26414
26418
26422
26426
26430
26434
26438
26442
26446
26450
26454
26458
26462
26466
26470
26474
26478
26482
26486
26490
26494
26498
26502
26506
26510
26514
26518
26522
26526
26530
26534
26538
26542
26546
26550
26554
26558
26562
26566
26570
26574
26578
26582
26586
26590
26594
26598
26602
26606
26610
26614
26618
26622
26626
26630
26634
26638
26642
26646
26650
26654
26658
26662
26666
26670
26674
26678
26682
26686
26690
26694
26698
26702
26706
26710
26714
26718
26722
26726
26730
26734
26738
26742
26746
26750
26754
26758
26762
26766
26770
26774
26778
26782
26786
26790
26794
26798
26802
26806
26810
26814
26818
26822
26826
26830
26834
26838
26842
26846
26850
26854
26858
26862
26866
26870
26874
26878
26882
26886
26890
26894
26898
26902
26906
26910
26914
26918
26922
26926
26930
26934
26938
26942
26946
26950
26954
26958
26962
26966
26970
26974
26978
26982
26986
26990
26994
26998
27002
27006
27010
27014
27018
27022
27026
27030
27034
27038
27042
27046
27050
27054
27058
27062
27066
27070
27074
27078
27082
27086
27090
27094
27098
27102
27106
27110
27114
27118
27122
27126
27130
27134
27138
27142
27146
27150
27154
27158
27162
27166
27170
27174
27178
27182
27186
27190
27194
27198
27202
27206
27210
27214
27218
27222
27226
27230
27234
27238
27242
27246
27250
27254
27258
27262
27266
27270
27274
27278
27282
27286
27290
27294
27298
27302
27306
27310
27314
27318
27322
27326
27330
27334
27338
27342
27346
27350
27354
27358
27362
27366
27370
27374
27378
27382
27386
27390
27394
27398
27402
27406
27410
27414
27418
27422
27426
28024
23026
23030
23034
23038
23042
23046
23050
23054
23058
23062
23066
23070
23074
23078
23082
23086
23090
23094
23098
23102
23106
23110
23114
23118
23122
23126
23130
23134
23138
23142
23146
23150
23154
23158
23162
23166
23170
23174
23178
23182
23186
23190
23194
23198
23202
23206
23210
23214
23218
23222
23226
23230
23234
23238
23242
23246
23250
23254
23258
23262
23266
23270
23274
23278
23282
23286
23290
23294
23298
23302
23306
23310
23314
23318
23322
23326
23330
23334
23338
23342
23346
23350
23354
23358
23362
23366
23370
23374
23378
23382
23386
23390
23394
23398
23402
23406
23410
23414
23418
23422
23426
23430
23434
23438
23442
23446
23450
23454
23458
23462
23466
23470
23474
23478
23482
23486
23490
23494
23498
23502
23506
23510
23514
23518
23522
23526
23530
23534
23538
23542
23546
23550
23554
23558
23562
23566
23570
23574
23578
23582
23586
23590
23594
23598
23602
23606
23610
23614
23618
23622
23626
23630
23634
23638
23642
23646
23650
23654
23658
23662
23666
23670
23674
23678
23682
23686
23690
23694
23698
23702
23706
23710
23714
23718
23722
23726
23730
23734
23738
23742
23746
23750
23754
23758
23762
23766
23770
23774
23778
23782
23786
23790
23794
23798
23802
23806
23810
23814
23818
23822
23826
23830
23834
23838
23842
23846
23850
23854
23858
23862
23866
23870
23874
23878
23882
23886
23890
23894
23898
23902
23906
23910
23914
23918
23922
23926
23930
23934
23938
23942
23946
23950
23954
23958
23962
23966
23970
23974
23978
23982
23986
23990
23994
23998
24002
24006
24010
24014
24018
24022
24026
24030
24034
24038
24042
24046
24050
24054
24058
24062
24066
24070
24074
24078
24082
24086
24090
24094
24098
24102
24106
24110
24114
24118
24122
24126
24130
24134
24138
24142
24146
24150
24154
24158
24162
24166
24170
24174
24178
24182
24186
24190
24194
24198
24202
24206
24210
24214
24218
24222
24226
24230
24234
24238
24242
24246
24250
24254
24258
24262
24266
24270
24274
24278
24282
24286
24290
24294
24298
24302
24306
24310
24314
24318
24322
24326
24330
24334
24338
24342
24346
24350
24354
24358
24362
24366
24370
24374
24378
24382
24386
24390
24394
24398
24402
24406
24410
24414
24418
24422
24426
24430
24434
24438
24442
24446
24450
24454
24458
24462
24466
24470
24474
24478
24482
24486
24490
24494
24498
24502
24506
24510
24514
24518
24522
24526
24530
24534
24538
24542
24546
24550
24554
24558
24562
24566
24570
24574
24578
24582
24586
24590
24594
24598
24602
24606
24610
24614
24618
24622
24626
24630
24634
24638
24642
24646
24650
24654
24658
24662
24666
24670
24674
24678
24682
24686
24690
24694
24698
24702
24706
24710
24714
24718
24722
24726
24730
24734
24738
24742
24746
24750
24754
24758
24762
24766
24770
24774
24778
24782
24786
24790
24794
24798
24802
24806
24810
24814
24818
24822
24826
24830
24834
24838
24842
24846
24850
24854
24858
24862
24866
24870
24874
24878
24882
24886
24890
24894
24898
24902
24906
24910
24914
24918
24922
24926
24930
24934
24938
24942
24946
24950
24954
24958
24962
24966
24970
24974
24978
24982
24986
24990
24994
24998
25002
25006
25010
25014
25018
25022
25026
25030
25034
25038
25042
25046
25050
25054
25058
25062
25066
25070
25074
25078
25082
25086
25090
25094
25098
25102
25106
25110
25114
25118
25122
25126
25130
25134
25138
25142
25146
25150
25154
25158
25162
25166
25170
25174
25178
25182
25186
25190
25194
25198
25202
25206
25210
25214
25218
25222
25226
25230
25234
25238
25242
25246
25250
25254
24664
30792
30800
30808
30816
30824
30832
30840
30848
30856
30864
30872
30880
30888
30896
30904
30912
30920
30928
30936
30944
30952
30960
30968
30976
30984
30992
31000
31008
31016
31024
31032
31040
31048
31056
31064
31072
31080
31088
31096
31104
31112
31120
31128
31136
31144
31152
31160
31168
31176
31184
31192
31200
31208
31216
31224
31232
31240
31248
31256
31264
31272
31280
31288
31296
31304
31312
31320
31328
31336
31344
31352
31360
31368
31376
31384
31392
31400
31408
31416
31424
31432
31440
31448
31456
31464
31472
31480
31488
31496
31504
31512
31520
31528
31536
31544
31552
31560
31568
31576
31584
31592
31600
31608
31616
31624
31632
31640
31648
31656
31664
31672
31680
31688
31696
31704
31712
31720
31728
31736
31744
31752
31760
31768
31776
31784
31792
31800
31808
31816
31824
31832
31840
31848
31856
31864
31872
31880
31888
31896
31904
31912
31920
31928
31936
31944
31952
31960
31968
31976
31984
31992
32000
32008
32016
32024
32032
32040
32048
32056
32064
32072
32080
32088
32096
32104
32112
32120
32128
32136
32144
32152
32160
32168
32176
32184
32192
32200
32208
32216
32224
32232
32240
32248
32256
32264
32272
32280
32288
32296
32304
32312
32320
32328
32336
32344
32352
32360
32368
32376
32384
32392
32400
32408
32416
32424
32432
32440
32448
32456
32464
32472
32480
32488
32496
32504
32512
32520
32528
32536
32544
32552
32560
32568
32576
32584
32592
32600
32608
32616
32624
32632
32640
32648
32656
32664
32672
32680
32688
32696
32704
32712
32720
32728
32736
32744
32752
32760
32768
32776
32784
32792
32800
32808
32816
32824
32832
32840
32848
32856
32864
32872
32880
32888
32896
32904
32912
32920
32928
32936
32944
32952
32960
32968
32976
32984
32992
33000
33008
33016
33024
33032
33040
33048
33056
33064
33072
33080
33088
33096
33104
33112
33120
33128
33136
33144
33152
33160
27048
27056
27064
27072
27080
27088
27096
27104
27112
27120
27128
27136
27144
27152
27160
27168
27176
27184
27192
27200
27208
27216
27224
27232
27240
27248
27256
27264
27272
27280
27288
27296
27304
27312
27320
27328
27336
27344
27352
27360
27368
27376
27384
27392
27400
27408
27416
27424
27432
27440
27448
27456
27464
27472
27480
27488
27496
27504
27512
27520
27528
27536
27544
27552
27560
27568
27576
27584
27592
27600
27608
27616
27624
27632
27640
27648
27656
27664
27672
27680
27688
27696
27704
27712
27720
27728
27736
27744
27752
27760
27768
27776
27784
27792
27800
27808
27816
27824
27832
27840
27848
27856
27864
27872
27880
27888
27896
27904
27912
27920
27928
27936
27944
27952
27960
27968
27976
27984
27992
28000
28008
28016
28024
28032
28040
28048
28056
28064
28072
28080
28088
28096
28104
28112
28120
28128
28136
28144
28152
28160
28168
28176
28184
28192
28200
28208
28216
28224
28232
28240
28248
28256
28264
28272
28280
28288
28296
28304
28312
28320
28328
28336
28344
28352
28360
28368
28376
28384
28392
28400
28408
28416
28424
28432
28440
28448
28456
28464
28472
28480
28488
28496
28504
28512
28520
28528
28536
28544
28552
28560
28568
28576
28584
28592
28600
28608
28616
28624
28632
28640
28648
28656
28664
28672
28680
28688
28696
28704
28712
28720
28728
28736
28744
28752
28760
28768
28776
28784
28792
28800
28808
28816
28824
28832
28840
28848
28856
28864
28872
28880
28888
28896
28904
28912
