2 1
3 2
4 1
4 3
5 4
6 1
6 2
6 5
7 6
8 1
8 3
8 7
9 2
9 8
10 1
10 4
10 9
11 10
12 1
12 2
12 3
12 5
12 11
13 12
14 1
14 6
14 13
15 2
15 4
15 14
16 1
16 3
16 7
16 15
17 16
18 1
18 2
18 5
18 8
18 17
19 18
20 1
20 3
20 4
20 9
20 19
21 2
21 6
21 20
22 1
22 10
22 21
23 22
24 1
24 2
24 3
24 5
24 7
24 11
24 23
25 4
25 24
26 1
26 12
26 25
27 2
27 8
27 26
28 1
28 3
28 6
28 13
28 27
29 28
30 1
30 2
30 4
30 5
30 9
30 14
30 29
31 30
32 1
32 3
32 7
32 15
32 31
33 2
33 10
33 32
34 1
34 16
34 33
35 4
35 6
35 34
36 1
36 2
36 3
36 5
36 8
36 11
36 17
36 35
37 36
38 1
38 18
38 37
39 2
39 12
39 38
40 1
40 3
40 4
40 7
40 9
40 19
40 39
41 40
42 1
42 2
42 5
42 6
42 13
42 20
42 41
43 42
44 1
44 3
44 10
44 21
44 43
45 2
45 4
45 8
45 14
45 44
46 1
46 22
46 45
47 46
48 1
48 2
48 3
48 5
48 7
48 11
48 15
48 23
48 47
49 6
49 48
50 1
50 4
50 9
50 24
50 49
51 2
51 16
51 50
52 1
52 3
52 12
52 25
52 51
53 52
54 1
54 2
54 5
54 8
54 17
54 26
54 53
55 4
55 10
55 54
56 1
56 3
56 6
56 7
56 13
56 27
56 55
57 2
57 18
57 56
58 1
58 28
58 57
59 58
60 1
60 2
60 3
60 4
60 5
60 9
60 11
60 14
60 19
60 29
60 59
61 60
62 1
62 30
62 61
63 2
63 6
63 8
63 20
63 62
64 1
64 3
64 7
64 15
64 31
64 63
65 4
65 12
65 64
66 1
66 2
66 5
66 10
66 21
66 32
66 65
67 66
68 1
68 3
68 16
68 33
68 67
69 2
69 22
69 68
70 1
70 4
70 6
70 9
70 13
70 34
70 69
71 70
72 1
72 2
72 3
72 5
72 7
72 8
72 11
72 17
72 23
72 35
72 71
73 72
74 1
74 36
74 73
75 2
75 4
75 14
75 24
75 74
76 1
76 3
76 18
76 37
76 75
77 6
77 10
77 76
78 1
78 2
78 5
78 12
78 25
78 38
78 77
79 78
80 1
80 3
80 4
80 7
80 9
80 15
80 19
80 39
80 79
81 2
81 8
81 26
81 80
82 1
82 40
82 81
83 82
84 1
84 2
84 3
84 5
84 6
84 11
84 13
84 20
84 27
84 41
84 83
85 4
85 16
85 84
86 1
86 42
86 85
87 2
87 28
87 86
88 1
88 3
88 7
88 10
88 21
88 43
88 87
89 88
90 1
90 2
90 4
90 5
90 8
90 9
90 14
90 17
90 29
90 44
90 89
91 6
91 12
91 90
92 1
92 3
92 22
92 45
92 91
93 2
93 30
93 92
94 1
94 46
94 93
95 4
95 18
95 94
96 1
96 2
96 3
96 5
96 7
96 11
96 15
96 23
96 31
96 47
96 95
97 96
98 1
98 6
98 13
98 48
98 97
99 2
99 8
99 10
99 32
99 98
100 1
100 3
100 4
100 9
100 19
100 24
100 49
100 99
101 100
102 1
102 2
102 5
102 16
102 33
102 50
102 101
103 102
104 1
104 3
104 7
104 12
104 25
104 51
104 103
105 2
105 4
105 6
105 14
105 20
105 34
105 104
106 1
106 52
106 105
107 106
108 1
108 2
108 3
108 5
108 8
108 11
108 17
108 26
108 35
108 53
108 107
109 108
110 1
110 4
110 9
110 10
110 21
110 54
110 109
111 2
111 36
111 110
112 1
112 3
112 6
112 7
112 13
112 15
112 27
112 55
112 111
113 112
114 1
114 2
114 5
114 18
114 37
114 56
114 113
115 4
115 22
115 114
116 1
116 3
116 28
116 57
116 115
117 2
117 8
117 12
117 38
117 116
118 1
118 58
118 117
119 6
119 16
119 118
120 1
120 2
120 3
120 4
120 5
120 7
120 9
120 11
120 14
120 19
120 23
120 29
120 39
120 59
120 119
121 10
121 120
122 1
122 60
122 121
123 2
123 40
123 122
124 1
124 3
124 30
124 61
124 123
125 4
125 24
125 124
126 1
126 2
126 5
126 6
126 8
126 13
126 17
126 20
126 41
126 62
126 125
127 126
128 1
128 3
128 7
128 15
128 31
128 63
128 127
129 2
129 42
129 128
130 1
130 4
130 9
130 12
130 25
130 64
130 129
131 130
132 1
132 2
132 3
132 5
132 10
132 11
132 21
132 32
132 43
132 65
132 131
133 6
133 18
133 132
134 1
134 66
134 133
135 2
135 4
135 8
135 14
135 26
135 44
135 134
136 1
136 3
136 7
136 16
136 33
136 67
136 135
137 136
138 1
138 2
138 5
138 22
138 45
138 68
138 137
139 138
140 1
140 3
140 4
140 6
140 9
140 13
140 19
140 27
140 34
140 69
140 139
141 2
141 46
141 140
142 1
142 70
142 141
143 10
143 12
143 142
144 1
144 2
144 3
144 5
144 7
144 8
144 11
144 15
144 17
144 23
144 35
144 47
144 71
144 143
145 4
145 28
145 144
146 1
146 72
146 145
147 2
147 6
147 20
147 48
147 146
148 1
148 3
148 36
148 73
148 147
149 148
150 1
150 2
150 4
150 5
150 9
150 14
150 24
150 29
150 49
150 74
150 149
151 150
152 1
152 3
152 7
152 18
152 37
152 75
152 151
153 2
153 8
153 16
153 50
153 152
154 1
154 6
154 10
154 13
154 21
154 76
154 153
155 4
155 30
155 154
156 1
156 2
156 3
156 5
156 11
156 12
156 25
156 38
156 51
156 77
156 155
157 156
158 1
158 78
158 157
159 2
159 52
159 158
160 1
160 3
160 4
160 7
160 9
160 15
160 19
160 31
160 39
160 79
160 159
161 6
161 22
161 160
162 1
162 2
162 5
162 8
162 17
162 26
162 53
162 80
162 161
163 162
164 1
164 3
164 40
164 81
164 163
165 2
165 4
165 10
165 14
165 32
165 54
165 164
166 1
166 82
166 165
167 166
168 1
168 2
168 3
168 5
168 6
168 7
168 11
168 13
168 20
168 23
168 27
168 41
168 55
168 83
168 167
169 12
169 168
170 1
170 4
170 9
170 16
170 33
170 84
170 169
171 2
171 8
171 18
171 56
171 170
172 1
172 3
172 42
172 85
172 171
173 172
174 1
174 2
174 5
174 28
174 57
174 86
174 173
175 4
175 6
175 24
175 34
175 174
176 1
176 3
176 7
176 10
176 15
176 21
176 43
176 87
176 175
177 2
177 58
177 176
178 1
178 88
178 177
179 178
180 1
180 2
180 3
180 4
180 5
180 8
180 9
180 11
180 14
180 17
180 19
180 29
180 35
180 44
180 59
180 89
180 179
181 180
182 1
182 6
182 12
182 13
182 25
182 90
182 181
183 2
183 60
183 182
184 1
184 3
184 7
184 22
184 45
184 91
184 183
185 4
185 36
185 184
186 1
186 2
186 5
186 30
186 61
186 92
186 185
187 10
187 16
187 186
188 1
188 3
188 46
188 93
188 187
189 2
189 6
189 8
189 20
189 26
189 62
189 188
190 1
190 4
190 9
190 18
190 37
190 94
190 189
191 190
192 1
192 2
192 3
192 5
192 7
192 11
192 15
192 23
192 31
192 47
192 63
192 95
192 191
193 192
194 1
194 96
194 193
195 2
195 4
195 12
195 14
195 38
195 64
195 194
196 1
196 3
196 6
196 13
196 27
196 48
196 97
196 195
197 196
198 1
198 2
198 5
198 8
198 10
198 17
198 21
198 32
198 65
198 98
198 197
199 198
200 1
200 3
200 4
200 7
200 9
200 19
200 24
200 39
200 49
200 99
200 199
201 2
201 66
201 200
202 1
202 100
202 201
203 6
203 28
203 202
204 1
204 2
204 3
204 5
204 11
204 16
204 33
204 50
204 67
204 101
204 203
205 4
205 40
205 204
206 1
206 102
206 205
207 2
207 8
207 22
207 68
207 206
208 1
208 3
208 7
208 12
208 15
208 25
208 51
208 103
208 207
209 10
209 18
209 208
210 1
210 2
210 4
210 5
210 6
210 9
210 13
210 14
210 20
210 29
210 34
210 41
210 69
210 104
210 209
211 210
212 1
212 3
212 52
212 105
212 211
213 2
213 70
213 212
214 1
214 106
214 213
215 4
215 42
215 214
216 1
216 2
216 3
216 5
216 7
216 8
216 11
216 17
216 23
216 26
216 35
216 53
216 71
216 107
216 215
217 6
217 30
217 216
218 1
218 108
218 217
219 2
219 72
219 218
220 1
220 3
220 4
220 9
220 10
220 19
220 21
220 43
220 54
220 109
220 219
221 12
221 16
221 220
222 1
222 2
222 5
222 36
222 73
222 110
222 221
223 222
224 1
224 3
224 6
224 7
224 13
224 15
224 27
224 31
224 55
224 111
224 223
225 2
225 4
225 8
225 14
225 24
225 44
225 74
225 224
226 1
226 112
226 225
227 226
228 1
228 2
228 3
228 5
228 11
228 18
228 37
228 56
228 75
228 113
228 227
229 228
230 1
230 4
230 9
230 22
230 45
230 114
230 229
231 2
231 6
231 10
231 20
231 32
231 76
231 230
232 1
232 3
232 7
232 28
232 57
232 115
232 231
233 232
234 1
234 2
234 5
234 8
234 12
234 17
234 25
234 38
234 77
234 116
234 233
235 4
235 46
235 234
236 1
236 3
236 58
236 117
236 235
237 2
237 78
237 236
238 1
238 6
238 13
238 16
238 33
238 118
238 237
239 238
240 1
240 2
240 3
240 4
240 5
240 7
240 9
240 11
240 14
240 15
240 19
240 23
240 29
240 39
240 47
240 59
240 79
240 119
240 239
241 240
242 1
242 10
242 21
242 120
242 241
243 2
243 8
243 26
243 80
243 242
244 1
244 3
244 60
244 121
244 243
245 4
245 6
245 34
245 48
245 244
246 1
246 2
246 5
246 40
246 81
246 122
246 245
247 12
247 18
247 246
248 1
248 3
248 7
248 30
248 61
248 123
248 247
249 2
249 82
249 248
250 1
250 4
250 9
250 24
250 49
250 124
250 249
251 250
252 1
252 2
252 3
252 5
252 6
252 8
252 11
252 13
252 17
252 20
252 27
252 35
252 41
252 62
252 83
252 125
252 251
253 10
253 22
253 252
254 1
254 126
254 253
255 2
255 4
255 14
255 16
255 50
255 84
255 254
256 1
256 3
256 7
256 15
256 31
256 63
256 127
256 255
257 256
258 1
258 2
258 5
258 42
258 85
258 128
258 257
259 6
259 36
259 258
260 1
260 3
260 4
260 9
260 12
260 19
260 25
260 51
260 64
260 129
260 259
261 2
261 8
261 28
261 86
261 260
262 1
262 130
262 261
263 262
264 1
264 2
264 3
264 5
264 7
264 10
264 11
264 21
264 23
264 32
264 43
264 65
264 87
264 131
264 263
265 4
265 52
265 264
266 1
266 6
266 13
266 18
266 37
266 132
266 265
267 2
267 88
267 266
268 1
268 3
268 66
268 133
268 267
269 268
270 1
270 2
270 4
270 5
270 8
270 9
270 14
270 17
270 26
270 29
270 44
270 53
270 89
270 134
270 269
271 270
272 1
272 3
272 7
272 15
272 16
272 33
272 67
272 135
272 271
273 2
273 6
273 12
273 20
273 38
273 90
273 272
274 1
274 136
274 273
275 4
275 10
275 24
275 54
275 274
276 1
276 2
276 3
276 5
276 11
276 22
276 45
276 68
276 91
276 137
276 275
277 276
278 1
278 138
278 277
279 2
279 8
279 30
279 92
279 278
280 1
280 3
280 4
280 6
280 7
280 9
280 13
280 19
280 27
280 34
280 39
280 55
280 69
280 139
280 279
281 280
282 1
282 2
282 5
282 46
282 93
282 140
282 281
283 282
284 1
284 3
284 70
284 141
284 283
285 2
285 4
285 14
285 18
285 56
285 94
285 284
286 1
286 10
286 12
286 21
286 25
286 142
286 285
287 6
287 40
287 286
288 1
288 2
288 3
288 5
288 7
288 8
288 11
288 15
288 17
288 23
288 31
288 35
288 47
288 71
288 95
288 143
288 287
289 16
289 288
290 1
290 4
290 9
290 28
290 57
290 144
290 289
291 2
291 96
291 290
292 1
292 3
292 72
292 145
292 291
293 292
294 1
294 2
294 5
294 6
294 13
294 20
294 41
294 48
294 97
294 146
294 293
295 4
295 58
295 294
296 1
296 3
296 7
296 36
296 73
296 147
296 295
297 2
297 8
297 10
297 26
297 32
297 98
297 296
298 1
298 148
298 297
299 12
299 22
299 298
300 1
300 2
300 3
300 4
300 5
300 9
300 11
300 14
300 19
300 24
300 29
300 49
300 59
300 74
300 99
300 149
300 299
301 6
301 42
301 300
302 1
302 150
302 301
303 2
303 100
303 302
304 1
304 3
304 7
304 15
304 18
304 37
304 75
304 151
304 303
305 4
305 60
305 304
306 1
306 2
306 5
306 8
306 16
306 17
306 33
306 50
306 101
306 152
306 305
307 306
308 1
308 3
308 6
308 10
308 13
308 21
308 27
308 43
308 76
308 153
308 307
309 2
309 102
309 308
310 1
310 4
310 9
310 30
310 61
310 154
310 309
311 310
312 1
312 2
312 3
312 5
312 7
312 11
312 12
312 23
312 25
312 38
312 51
312 77
312 103
312 155
312 311
313 312
314 1
314 156
314 313
315 2
315 4
315 6
315 8
315 14
315 20
315 34
315 44
315 62
315 104
315 314
316 1
316 3
316 78
316 157
316 315
317 316
318 1
318 2
318 5
318 52
318 105
318 158
318 317
319 10
319 28
319 318
320 1
320 3
320 4
320 7
320 9
320 15
320 19
320 31
320 39
320 63
320 79
320 159
320 319
321 2
321 106
321 320
322 1
322 6
322 13
322 22
322 45
322 160
322 321
323 16
323 18
323 322
324 1
324 2
324 3
324 5
324 8
324 11
324 17
324 26
324 35
324 53
324 80
324 107
324 161
324 323
325 4
325 12
325 24
325 64
325 324
326 1
326 162
326 325
327 2
327 108
327 326
328 1
328 3
328 7
328 40
328 81
328 163
328 327
329 6
329 46
329 328
330 1
330 2
330 4
330 5
330 9
330 10
330 14
330 21
330 29
330 32
330 54
330 65
330 109
330 164
330 329
331 330
332 1
332 3
332 82
332 165
332 331
333 2
333 8
333 36
333 110
333 332
334 1
334 166
334 333
335 4
335 66
335 334
336 1
336 2
336 3
336 5
336 6
336 7
336 11
336 13
336 15
336 20
336 23
336 27
336 41
336 47
336 55
336 83
336 111
336 167
336 335
337 336
338 1
338 12
338 25
338 168
338 337
339 2
339 112
339 338
340 1
340 3
340 4
340 9
340 16
340 19
340 33
340 67
340 84
340 169
340 339
341 10
341 30
341 340
342 1
342 2
342 5
342 8
342 17
342 18
342 37
342 56
342 113
342 170
342 341
343 6
343 48
343 342
344 1
344 3
344 7
344 42
344 85
344 171
344 343
345 2
345 4
345 14
345 22
345 68
345 114
345 344
346 1
346 172
346 345
347 346
348 1
348 2
348 3
348 5
348 11
348 28
348 57
348 86
348 115
348 173
348 347
349 348
350 1
350 4
350 6
350 9
350 13
350 24
350 34
350 49
350 69
350 174
350 349
351 2
351 8
351 12
351 26
351 38
351 116
351 350
352 1
352 3
352 7
352 10
352 15
352 21
352 31
352 43
352 87
352 175
352 351
353 352
354 1
354 2
354 5
354 58
354 117
354 176
354 353
355 4
355 70
355 354
356 1
356 3
356 88
356 177
356 355
357 2
357 6
357 16
357 20
357 50
357 118
357 356
358 1
358 178
358 357
359 358
360 1
360 2
360 3
360 4
360 5
360 7
360 8
360 9
360 11
360 14
360 17
360 19
360 23
360 29
360 35
360 39
360 44
360 59
360 71
360 89
360 119
360 179
360 359
361 18
361 360
362 1
362 180
362 361
363 2
363 10
363 32
363 120
363 362
364 1
364 3
364 6
364 12
364 13
364 25
364 27
364 51
364 90
364 181
364 363
365 4
365 72
365 364
366 1
366 2
366 5
366 60
366 121
366 182
366 365
367 366
368 1
368 3
368 7
368 15
368 22
368 45
368 91
368 183
368 367
369 2
369 8
369 40
369 122
369 368
370 1
370 4
370 9
370 36
370 73
370 184
370 369
371 6
371 52
371 370
372 1
372 2
372 3
372 5
372 11
372 30
372 61
372 92
372 123
372 185
372 371
373 372
374 1
374 10
374 16
374 21
374 33
374 186
374 373
375 2
375 4
375 14
375 24
375 74
375 124
375 374
376 1
376 3
376 7
376 46
376 93
376 187
376 375
377 12
377 28
377 376
378 1
378 2
378 5
378 6
378 8
378 13
378 17
378 20
378 26
378 41
378 53
378 62
378 125
378 188
378 377
379 378
380 1
380 3
380 4
380 9
380 18
380 19
380 37
380 75
380 94
380 189
380 379
381 2
381 126
381 380
382 1
382 190
382 381
383 382
384 1
384 2
384 3
384 5
384 7
384 11
384 15
384 23
384 31
384 47
384 63
384 95
384 127
384 191
384 383
385 4
385 6
385 10
385 34
385 54
385 76
385 384
386 1
386 192
386 385
387 2
387 8
387 42
387 128
387 386
388 1
388 3
388 96
388 193
388 387
389 388
390 1
390 2
390 4
390 5
390 9
390 12
390 14
390 25
390 29
390 38
390 64
390 77
390 129
390 194
390 389
391 16
391 22
391 390
392 1
392 3
392 6
392 7
392 13
392 27
392 48
392 55
392 97
392 195
392 391
393 2
393 130
393 392
394 1
394 196
394 393
395 4
395 78
395 394
396 1
396 2
396 3
396 5
396 8
396 10
396 11
396 17
396 21
396 32
396 35
396 43
396 65
396 98
396 131
396 197
396 395
397 396
398 1
398 198
398 397
399 2
399 6
399 18
399 20
399 56
399 132
399 398
400 1
400 3
400 4
400 7
400 9
400 15
400 19
400 24
400 39
400 49
400 79
400 99
400 199
400 399
