38361635
45937018
27784554
16661482
16309030
20961716
22786966
39969999
33210354
32465272
49361819
82716655
50226962
29909846
32807351
29373734
27448011
28960244
33500520
117327262
59583543
8217737
60292679
85763835
64800193
36550054
28018653
53179925
27847390
65409510
98503272
87661185
5039414
112444308
13685698
100979838
15052301
98812057
52196628
64732785
48266405
42263104
47481280
32487618
37100583
30509144
12980383
33334845
30705639
9508326
24215418
25186056
52194219
14015822
124556353
22179372
63350519
106111322
33264979
61237923
63910789
28178049
28192901
49958593
30691963
102488415
115060138
56924160
94013943
40684016
49646255
60119049
20664295
94434608
33144753
64627555
39398313
30896916
56377391
26192690
12325991
32237694
113866439
25448220
44288124
97316000
40851196
54876612
44603490
28123271
21123310
83474715
76571454
47925058
89892304
76906797
21493611
28673374
23582365
56949515
